ident
line
100 100 0 100 400 0
line
100 400 0 120 400 0 
line
120 400 0 120 275 0
line
120 275 0 180 275 0
line
180 275 0 180 400 0
line
180 400 0 200 400 0
line
200 400 0 200 100 0
line
200 100 0 180 100 0
line
180 100 0 180 225 0
line
180 225 0 120 225 0
line
120 225 0 120 100 0
line
120 100 0 100 100 0
line
300 100 0 300 150 0
line
300 150 0 340 150 0
line
340 150 0 340 350 0
line
340 350 0 300 350 0
line
300 350 0 300 400 0
line
300 400 0 400 400 0
line
400 400 0 400 350 0
line
400 350 0 360 350 0
line
360 350 0 360 150 0
line
360 150 0 400 150 0
line
400 150 0 400 100 0
line
400 100 0 300 100 0
rotate
z 350
apply
display
save
pic.png